Time engk1       engi1       
  0.2886E-04  0.0000E+00  0.6000E+07
  0.5772E-04  0.0000E+00  0.6000E+07
  0.8658E-04  0.0000E+00  0.6000E+07
  0.1154E-03  0.3963E+00  0.6000E+07
  0.1443E-03  0.1582E+01  0.6000E+07
  0.1732E-03  0.1134E+02  0.6000E+07
  0.2020E-03  0.4460E+02  0.6000E+07
  0.2309E-03  0.1104E+03  0.6000E+07
  0.2597E-03  0.2222E+03  0.6000E+07
  0.2886E-03  0.3846E+03  0.6000E+07
  0.3175E-03  0.6177E+03  0.5999E+07
  0.3463E-03  0.9326E+03  0.5999E+07
  0.3752E-03  0.1340E+04  0.5998E+07
  0.4040E-03  0.1840E+04  0.5998E+07
  0.4329E-03  0.2443E+04  0.5997E+07
  0.4618E-03  0.3146E+04  0.5997E+07
  0.4906E-03  0.3967E+04  0.5996E+07
  0.5195E-03  0.4934E+04  0.5995E+07
  0.5483E-03  0.6032E+04  0.5993E+07
  0.5772E-03  0.7265E+04  0.5992E+07
  0.6061E-03  0.8641E+04  0.5991E+07
  0.6349E-03  0.1024E+05  0.5989E+07
  0.6638E-03  0.1201E+05  0.5987E+07
  0.6926E-03  0.1405E+05  0.5985E+07
  0.7215E-03  0.1627E+05  0.5983E+07
  0.7504E-03  0.1861E+05  0.5980E+07
  0.7792E-03  0.2124E+05  0.5978E+07
  0.8081E-03  0.2415E+05  0.5975E+07
  0.8369E-03  0.2726E+05  0.5972E+07
  0.8658E-03  0.3070E+05  0.5968E+07
  0.8947E-03  0.3436E+05  0.5964E+07
  0.9235E-03  0.3826E+05  0.5960E+07
  0.9524E-03  0.4257E+05  0.5956E+07
  0.9812E-03  0.4723E+05  0.5951E+07
  0.1010E-02  0.5212E+05  0.5946E+07
  0.1039E-02  0.5731E+05  0.5941E+07
  0.1068E-02  0.6288E+05  0.5935E+07
  0.1097E-02  0.6886E+05  0.5929E+07
  0.1126E-02  0.7526E+05  0.5923E+07
  0.1154E-02  0.8211E+05  0.5916E+07
  0.1183E-02  0.8942E+05  0.5908E+07
  0.1212E-02  0.9735E+05  0.5900E+07
  0.1241E-02  0.1060E+06  0.5891E+07
  0.1270E-02  0.1148E+06  0.5882E+07
  0.1299E-02  0.1243E+06  0.5873E+07
  0.1328E-02  0.1341E+06  0.5863E+07
  0.1356E-02  0.1446E+06  0.5852E+07
  0.1385E-02  0.1552E+06  0.5841E+07
  0.1414E-02  0.1665E+06  0.5830E+07
  0.1443E-02  0.1779E+06  0.5819E+07
  0.1472E-02  0.1890E+06  0.5808E+07
  0.1501E-02  0.1997E+06  0.5797E+07
  0.1530E-02  0.2099E+06  0.5787E+07
  0.1558E-02  0.2198E+06  0.5778E+07
  0.1587E-02  0.2295E+06  0.5768E+07
  0.1616E-02  0.2390E+06  0.5759E+07
  0.1645E-02  0.2477E+06  0.5750E+07
  0.1674E-02  0.2557E+06  0.5742E+07
  0.1703E-02  0.2634E+06  0.5734E+07
  0.1732E-02  0.2705E+06  0.5727E+07
  0.1760E-02  0.2780E+06  0.5719E+07
  0.1789E-02  0.2854E+06  0.5711E+07
  0.1818E-02  0.2936E+06  0.5703E+07
  0.1847E-02  0.3022E+06  0.5694E+07
  0.1876E-02  0.3118E+06  0.5684E+07
  0.1905E-02  0.3224E+06  0.5673E+07
  0.1934E-02  0.3333E+06  0.5661E+07
  0.1962E-02  0.3451E+06  0.5649E+07
  0.1991E-02  0.3565E+06  0.5638E+07
  0.2020E-02  0.3672E+06  0.5627E+07
  0.2049E-02  0.3774E+06  0.5616E+07
  0.2078E-02  0.3874E+06  0.5606E+07
  0.2107E-02  0.3974E+06  0.5595E+07
  0.2136E-02  0.4072E+06  0.5585E+07
  0.2165E-02  0.4168E+06  0.5575E+07
  0.2193E-02  0.4265E+06  0.5565E+07
  0.2222E-02  0.4367E+06  0.5554E+07
  0.2251E-02  0.4472E+06  0.5543E+07
  0.2280E-02  0.4581E+06  0.5531E+07
  0.2309E-02  0.4695E+06  0.5519E+07
  0.2338E-02  0.4811E+06  0.5506E+07
  0.2367E-02  0.4928E+06  0.5494E+07
  0.2395E-02  0.5046E+06  0.5481E+07
  0.2424E-02  0.5166E+06  0.5468E+07
  0.2453E-02  0.5291E+06  0.5455E+07
  0.2482E-02  0.5422E+06  0.5441E+07
  0.2511E-02  0.5558E+06  0.5427E+07
  0.2540E-02  0.5695E+06  0.5412E+07
  0.2569E-02  0.5833E+06  0.5398E+07
  0.2597E-02  0.5974E+06  0.5383E+07
  0.2626E-02  0.6106E+06  0.5369E+07
  0.2655E-02  0.6230E+06  0.5356E+07
  0.2684E-02  0.6351E+06  0.5343E+07
  0.2713E-02  0.6470E+06  0.5330E+07
  0.2742E-02  0.6590E+06  0.5318E+07
  0.2771E-02  0.6711E+06  0.5305E+07
  0.2799E-02  0.6828E+06  0.5293E+07
  0.2828E-02  0.6942E+06  0.5281E+07
  0.2857E-02  0.7057E+06  0.5269E+07
  0.2886E-02  0.7172E+06  0.5257E+07
  0.2915E-02  0.7278E+06  0.5245E+07
  0.2944E-02  0.7387E+06  0.5234E+07
  0.2973E-02  0.7486E+06  0.5223E+07
  0.3001E-02  0.7587E+06  0.5212E+07
  0.3030E-02  0.7695E+06  0.5201E+07
  0.3059E-02  0.7804E+06  0.5189E+07
  0.3088E-02  0.7919E+06  0.5176E+07
  0.3117E-02  0.8044E+06  0.5163E+07
  0.3146E-02  0.8177E+06  0.5148E+07
  0.3175E-02  0.8322E+06  0.5133E+07
  0.3203E-02  0.8485E+06  0.5115E+07
  0.3232E-02  0.8662E+06  0.5097E+07
  0.3261E-02  0.8853E+06  0.5077E+07
  0.3290E-02  0.9058E+06  0.5055E+07
  0.3319E-02  0.9273E+06  0.5033E+07
  0.3348E-02  0.9492E+06  0.5010E+07
  0.3377E-02  0.9713E+06  0.4988E+07
  0.3405E-02  0.9933E+06  0.4966E+07
  0.3434E-02  0.1015E+07  0.4944E+07
  0.3463E-02  0.1036E+07  0.4923E+07
  0.3492E-02  0.1057E+07  0.4902E+07
  0.3521E-02  0.1077E+07  0.4882E+07
  0.3550E-02  0.1097E+07  0.4862E+07
  0.3579E-02  0.1116E+07  0.4843E+07
  0.3608E-02  0.1135E+07  0.4825E+07
  0.3636E-02  0.1152E+07  0.4808E+07
  0.3665E-02  0.1169E+07  0.4791E+07
  0.3694E-02  0.1185E+07  0.4776E+07
  0.3723E-02  0.1199E+07  0.4762E+07
  0.3752E-02  0.1213E+07  0.4749E+07
  0.3781E-02  0.1225E+07  0.4737E+07
  0.3810E-02  0.1237E+07  0.4726E+07
  0.3838E-02  0.1248E+07  0.4715E+07
  0.3867E-02  0.1259E+07  0.4704E+07
  0.3896E-02  0.1270E+07  0.4693E+07
  0.3925E-02  0.1281E+07  0.4683E+07
  0.3954E-02  0.1291E+07  0.4672E+07
  0.3983E-02  0.1302E+07  0.4661E+07
  0.4012E-02  0.1312E+07  0.4651E+07
  0.4040E-02  0.1322E+07  0.4640E+07
  0.4069E-02  0.1333E+07  0.4629E+07
  0.4098E-02  0.1345E+07  0.4617E+07
  0.4127E-02  0.1357E+07  0.4604E+07
  0.4156E-02  0.1371E+07  0.4590E+07
  0.4185E-02  0.1386E+07  0.4575E+07
  0.4214E-02  0.1401E+07  0.4559E+07
  0.4242E-02  0.1418E+07  0.4542E+07
  0.4271E-02  0.1435E+07  0.4525E+07
  0.4300E-02  0.1452E+07  0.4508E+07
  0.4329E-02  0.1469E+07  0.4491E+07
  0.4358E-02  0.1486E+07  0.4475E+07
  0.4387E-02  0.1502E+07  0.4459E+07
  0.4416E-02  0.1519E+07  0.4443E+07
  0.4444E-02  0.1534E+07  0.4428E+07
  0.4473E-02  0.1550E+07  0.4413E+07
  0.4502E-02  0.1565E+07  0.4397E+07
  0.4531E-02  0.1580E+07  0.4383E+07
  0.4560E-02  0.1595E+07  0.4368E+07
  0.4589E-02  0.1609E+07  0.4354E+07
  0.4618E-02  0.1623E+07  0.4341E+07
  0.4646E-02  0.1636E+07  0.4328E+07
  0.4675E-02  0.1650E+07  0.4315E+07
  0.4704E-02  0.1662E+07  0.4303E+07
  0.4733E-02  0.1674E+07  0.4291E+07
  0.4762E-02  0.1685E+07  0.4280E+07
  0.4791E-02  0.1696E+07  0.4270E+07
  0.4820E-02  0.1707E+07  0.4259E+07
  0.4848E-02  0.1717E+07  0.4248E+07
  0.4877E-02  0.1728E+07  0.4238E+07
  0.4906E-02  0.1738E+07  0.4228E+07
  0.4935E-02  0.1748E+07  0.4218E+07
  0.4964E-02  0.1758E+07  0.4209E+07
  0.4993E-02  0.1768E+07  0.4199E+07
  0.5022E-02  0.1778E+07  0.4189E+07
  0.5051E-02  0.1788E+07  0.4178E+07
  0.5079E-02  0.1798E+07  0.4168E+07
  0.5108E-02  0.1808E+07  0.4158E+07
  0.5137E-02  0.1819E+07  0.4147E+07
  0.5166E-02  0.1830E+07  0.4136E+07
  0.5195E-02  0.1842E+07  0.4125E+07
  0.5224E-02  0.1853E+07  0.4113E+07
  0.5253E-02  0.1865E+07  0.4101E+07
  0.5281E-02  0.1877E+07  0.4090E+07
  0.5310E-02  0.1888E+07  0.4078E+07
  0.5339E-02  0.1899E+07  0.4067E+07
  0.5368E-02  0.1911E+07  0.4055E+07
  0.5397E-02  0.1922E+07  0.4043E+07
  0.5426E-02  0.1934E+07  0.4031E+07
  0.5455E-02  0.1946E+07  0.4019E+07
  0.5483E-02  0.1958E+07  0.4006E+07
  0.5512E-02  0.1971E+07  0.3994E+07
  0.5541E-02  0.1984E+07  0.3980E+07
  0.5570E-02  0.1997E+07  0.3967E+07
  0.5599E-02  0.2010E+07  0.3953E+07
  0.5628E-02  0.2024E+07  0.3939E+07
  0.5657E-02  0.2038E+07  0.3925E+07
  0.5685E-02  0.2052E+07  0.3910E+07
  0.5714E-02  0.2067E+07  0.3894E+07
  0.5743E-02  0.2082E+07  0.3879E+07
  0.5772E-02  0.2097E+07  0.3864E+07
  0.5801E-02  0.2112E+07  0.3850E+07
  0.5830E-02  0.2126E+07  0.3835E+07
  0.5859E-02  0.2141E+07  0.3821E+07
  0.5887E-02  0.2155E+07  0.3807E+07
  0.5916E-02  0.2168E+07  0.3794E+07
  0.5945E-02  0.2180E+07  0.3783E+07
  0.5974E-02  0.2190E+07  0.3773E+07
  0.6003E-02  0.2198E+07  0.3765E+07
